64
62
63
63
60
62
57
57
58
57
60
60
63
62
59
59
57
56
59
63
57
54
62
63
57
57
59
63
56
58
65
61
58
60
62
60
58
60
63
60
60
60
63
58
59
60
63
59
57
63
61
60
60
63
61
59
60
63
61
58
61
64
59
58
60
64
58
60
62
63
59
57
60
61
59
61
63
62
57
58
62
61
57
60
64
60
58
61
62
60
59
60
64
59
58
60
61
58
57
60
61
58
58
60
61
58
60
62
64
57
61
63
58
57
60
64
60
58
62
61
58
57
59
61
58
60
62
61
59
61
62
60
58
58
60
61
58
56
60
56
58
59
57
60
58
59
59
59
61
61
63
62
62
63
60
61
60
62
59
58
61
56
60
56
57
55
56
58
59
55
57
60
60
60
60
57
58
60
60
60
62
60
61
61
60
62
59
61
58
59
57
59
59
56
59
58
58
59
55
58
59
57
60
61
59
61
59
61
61
61
60
61
60
62
58
59
58
59
57
57
56
55
56
57
58
57
57
55
54
54
56
54
56
55
55
54
56
56
55
55
55
57
53
55
51
53
54
53
51
52
51
52
51
51
52
55
54
57
57
56
59
55
57
57
57
58
57
60
66
61
61
58
59
60
62
60
60
59
61
58
58
58
60
60
58
57
57
55
56
57
57
59
59
59
58
58
63
61
63
59
61
62
58
59
57
60
59
58
58
57
55
58
58
59
57
59
62
57
60
59
59
61
63
59
62
60
62
60
59
60
58
59
57
58
57
58
59
57
57
56
57
58
61
64
67
65
65
66
63
62
62
60
56
56
53
54
52
50
48
47
45
40
35
32
21
19
11
15
19
18
15
12
9
14
12
17
56
75
80
309
226
165
121
100
68
58
37
86
23
6
9
12
15
19
25
26
28
30
31
34
39
68
87
79
71
64
57
49
45
46
47
43
41
42
42
47
50
54
63
66
75
83
85
83
79
78
70
70
71
67
64
61
59
57
54
52
49
51
53
54
58
57
58
58
60
66
67
66
65
66
67
67
63
61
57
56
60
59
57
59
59
60
58
56
54
53
52
51
48
52
51
52
59
67
65
65
61
65
64
64
66
61
57
48
44
41
36
28
26
23
29
30
28
28
27
28
19
0
63
31
20
54
133
311
257
192
146
119
